8
11
26
29
32
35
50
53
56
59
72
75
84
87
102
105
108
111
126
129
132
135
150
153
156
159
174
177
180
183
198
201
204
207
222
225
228
231
246
249
252
255
270
273
276
279
300
303
306
309
312
315
345
348
351
354
357
360
363
366
393
396
399
402
405
408
411
414
441
444
447
450
453
456
459
462
489
492
495
498
501
504
507
510
553
556
559
562
565
568
571
574
577
580
583
586
589
592
595
598
641
644
647
650
653
656
659
662
665
668
671
674
677
680
683
686
729
732
735
738
741
744
747
750
753
756
759
762
765
768
771
774
780
786
792
798
804
810
816
822
828
834
840
846
852
858
864
870
925
928
931
934
937
940
943
946
949
952
955
958
961
964
967
970
1013
1016
1019
1022
1025
1028
1031
1034
1037
1040
1043
1046
1049
1052
1055
1058
1064
1070
1076
1082
1088
1094
1100
1106
1112
1118
1124
1130
1136
1142
1148
1154
1193
1196
1199
1202
1205
1208
1211
1214
1257
1260
1263
1266
1269
1272
1275
1278
1281
1284
1287
1290
1293
1296
1299
1302
1345
1348
1351
1354
1357
1360
1363
1366
1369
1372
1375
1378
1381
1384
1387
1390
1433
1436
1439
1442
1445
1448
1451
1454
1457
1460
1463
1466
1469
1472
1475
1478
1521
1524
1527
1530
1533
1536
1539
1542
1545
1548
1551
1554
1557
1560
1563
1566
1609
1612
1615
1618
1621
1624
1627
1630
1633
1636
1639
1642
1645
1648
1651
1654
1697
1700
1703
1706
1709
1712
1715
1718
1721
1724
1727
1730
1733
1736
1739
1742
0
1
2
3
14
16
38
40
258
260
321
323
325
327
369
371
373
375
417
419
421
423
15
17
39
41
259
261
282
284
286
322
324
326
328
370
372
374
376
418
420
422
424
283
285
287
234
236
4
5
9
1752
10
1754
6
7
12
1753
13
1755
1751
18
19
27
1760
28
1764
20
21
30
1761
31
1757
1765
22
23
33
1762
34
1766
1749
24
25
36
1763
37
1759
1767
1750
42
43
51
1772
52
1776
44
45
54
1773
55
1769
1777
46
47
57
1774
58
1778
1756
48
49
60
1775
61
1771
1779
1758
80
81
85
1790
82
83
88
1791
329
330
346
1916
331
332
349
1917
333
334
352
1918
335
336
355
1919
337
338
358
1920
339
340
361
1921
341
342
364
1922
343
344
367
1923
377
378
394
1940
379
380
397
1941
381
382
400
1942
383
384
403
1943
385
386
406
1944
387
388
409
1945
389
390
412
1946
391
392
415
1947
425
426
442
1964
427
428
445
1965
429
430
448
1966
431
432
451
1967
433
434
454
1968
435
436
457
1969
437
438
460
1970
439
440
463
1971
186
188
210
212
235
237
601
603
605
607
288
289
301
1896
290
291
304
1897
292
293
307
1898
294
295
310
1899
296
297
313
1900
298
299
316
1901
689
691
693
695
777
783
789
795
801
807
813
819
825
831
837
843
849
855
861
867
778
779
781
2125
784
785
787
2128
790
791
793
2131
796
797
799
2134
802
803
805
2137
808
809
811
2140
814
815
817
2143
820
821
823
2146
826
827
829
2149
832
833
835
2152
838
839
841
2155
844
845
847
2158
850
851
853
2161
856
857
859
2164
862
863
865
2167
868
869
871
2170
1062
1063
1065
2261
1068
1069
1071
2264
1074
1075
1077
2267
1080
1081
1083
2270
1086
1087
1089
2273
1092
1093
1095
2276
1098
1099
1101
2279
1104
1105
1107
2282
1110
1111
1113
2285
1116
1117
1119
2288
1122
1123
1125
2291
1128
1129
1131
2294
1134
1135
1137
2297
1140
1141
1143
2300
1146
1147
1149
2303
1152
1153
1155
2306
162
164
187
189
211
213
465
467
469
471
513
515
517
519
602
604
606
608
690
692
694
696
885
887
889
891
68
69
73
1784
70
71
76
1785
94
95
103
1798
96
97
106
1799
98
99
109
1800
100
101
112
1801
118
119
127
1810
120
121
130
1811
122
123
133
1812
124
125
136
1813
142
143
151
1822
144
145
154
1823
146
147
157
1824
148
149
160
1825
166
167
175
1834
168
169
178
1835
170
171
181
1836
172
173
184
1837
190
191
199
1846
192
193
202
1847
194
195
205
1848
196
197
208
1849
214
215
223
1858
216
217
226
1859
218
219
229
1860
220
221
232
1861
238
239
247
1870
240
241
250
1871
242
243
253
1872
244
245
256
1873
473
474
490
1988
475
476
493
1989
477
478
496
1990
479
480
499
1991
481
482
502
1992
483
484
505
1993
485
486
508
1994
487
488
511
1995
521
522
554
2012
523
524
557
2013
525
526
560
2014
527
528
563
2015
529
530
566
2016
531
532
569
2017
533
534
572
2018
535
536
575
2019
537
538
578
2020
539
540
581
2021
541
542
584
2022
543
544
587
2023
545
546
590
2024
547
548
593
2025
549
550
596
2026
551
552
599
2027
609
610
642
2052
611
612
645
2053
613
614
648
2054
615
616
651
2055
617
618
654
2056
619
620
657
2057
621
622
660
2058
623
624
663
2059
625
626
666
2060
627
628
669
2061
629
630
672
2062
631
632
675
2063
633
634
678
2064
635
636
681
2065
637
638
684
2066
639
640
687
2067
697
698
730
2092
699
700
733
2093
701
702
736
2094
703
704
739
2095
705
706
742
2096
707
708
745
2097
709
710
748
2098
711
712
751
2099
713
714
754
2100
715
716
757
2101
717
718
760
2102
719
720
763
2103
721
722
766
2104
723
724
769
2105
725
726
772
2106
727
728
775
2107
893
894
926
2188
895
896
929
2189
897
898
932
2190
899
900
935
2191
901
902
938
2192
903
904
941
2193
905
906
944
2194
907
908
947
2195
909
910
950
2196
911
912
953
2197
913
914
956
2198
915
916
959
2199
917
918
962
2200
919
920
965
2201
921
922
968
2202
923
924
971
2203
981
982
1014
2228
983
984
1017
2229
985
986
1020
2230
987
988
1023
2231
989
990
1026
2232
991
992
1029
2233
993
994
1032
2234
995
996
1035
2235
997
998
1038
2236
999
1000
1041
2237
1001
1002
1044
2238
1003
1004
1047
2239
1005
1006
1050
2240
1007
1008
1053
2241
1009
1010
1056
2242
1011
1012
1059
2243
1177
1178
1194
2324
1179
1180
1197
2325
1181
1182
1200
2326
1183
1184
1203
2327
1185
1186
1206
2328
1187
1188
1209
2329
1189
1190
1212
2330
1191
1192
1215
2331
1225
1226
1258
2348
1227
1228
1261
2349
1229
1230
1264
2350
1231
1232
1267
2351
1233
1234
1270
2352
1235
1236
1273
2353
1237
1238
1276
2354
1239
1240
1279
2355
1241
1242
1282
2356
1243
1244
1285
2357
1245
1246
1288
2358
1247
1248
1291
2359
1249
1250
1294
2360
1251
1252
1297
2361
1253
1254
1300
2362
1255
1256
1303
2363
1313
1314
1346
2388
1315
1316
1349
2389
1317
1318
1352
2390
1319
1320
1355
2391
1321
1322
1358
2392
1323
1324
1361
2393
1325
1326
1364
2394
1327
1328
1367
2395
1329
1330
1370
2396
1331
1332
1373
2397
1333
1334
1376
2398
1335
1336
1379
2399
1337
1338
1382
2400
1339
1340
1385
2401
1341
1342
1388
2402
1343
1344
1391
2403
1401
1402
1434
2428
1403
1404
1437
2429
1405
1406
1440
2430
1407
1408
1443
2431
1409
1410
1446
2432
1411
1412
1449
2433
1413
1414
1452
2434
1415
1416
1455
2435
1417
1418
1458
2436
1419
1420
1461
2437
1421
1422
1464
2438
1423
1424
1467
2439
1425
1426
1470
2440
1427
1428
1473
2441
1429
1430
1476
2442
1431
1432
1479
2443
1489
1490
1522
2468
1491
1492
1525
2469
1493
1494
1528
2470
1495
1496
1531
2471
1497
1498
1534
2472
1499
1500
1537
2473
1501
1502
1540
2474
1503
1504
1543
2475
1505
1506
1546
2476
1507
1508
1549
2477
1509
1510
1552
2478
1511
1512
1555
2479
1513
1514
1558
2480
1515
1516
1561
2481
1517
1518
1564
2482
1519
1520
1567
2483
1577
1578
1610
2508
1579
1580
1613
2509
1581
1582
1616
2510
1583
1584
1619
2511
1585
1586
1622
2512
1587
1588
1625
2513
1589
1590
1628
2514
1591
1592
1631
2515
1593
1594
1634
2516
1595
1596
1637
2517
1597
1598
1640
2518
1599
1600
1643
2519
1601
1602
1646
2520
1603
1604
1649
2521
1605
1606
1652
2522
1607
1608
1655
2523
1665
1666
1698
2548
1667
1668
1701
2549
1669
1670
1704
2550
1671
1672
1707
2551
1673
1674
1710
2552
1675
1676
1713
2553
1677
1678
1716
2554
1679
1680
1719
2555
1681
1682
1722
2556
1683
1684
1725
2557
1685
1686
1728
2558
1687
1688
1731
2559
1689
1690
1734
2560
1691
1692
1737
2561
1693
1694
1740
2562
1695
1696
1743
2563
262
263
271
1882
264
265
274
1883
266
267
277
1884
268
269
280
1885
873
874
876
877
879
880
882
883
973
975
977
979
1061
1067
1073
1079
1085
1091
1097
1103
1109
1115
1121
1127
1133
1139
1145
1151
62
63
90
92
114
116
138
140
163
165
466
468
470
472
514
516
518
520
886
888
890
892
974
976
978
980
1169
1171
1173
1175
1217
1219
1221
1223
1305
1307
1309
1311
64
65
66
67
74
77
1786
1787
78
86
1792
79
89
1782
1783
1793
1157
1158
1160
1161
1163
1164
1166
1167
1393
1395
1397
1399
1481
1483
1485
1487
1569
1571
1573
1575
1657
1659
1661
1663
91
104
107
1795
1788
1802
1803
93
110
113
1797
1789
1780
1781
1804
1805
115
128
131
1807
1814
1815
117
134
137
1809
1816
1817
139
152
155
1819
1794
176
182
491
497
503
509
1826
1827
1838
1840
1996
1998
2000
2002
141
158
161
1821
1796
1806
1808
494
1981
500
1983
506
1985
512
1987
179
1831
185
1833
555
558
561
564
2005
567
570
573
576
2007
579
582
585
588
2009
591
594
597
600
2011
927
930
933
939
942
945
951
954
957
963
966
969
1980
1982
1984
1986
200
203
1843
206
1830
209
1832
1845
643
646
649
652
2045
655
658
661
664
2047
667
670
673
676
2049
679
2004
682
2006
685
2008
688
2051
224
227
1855
230
233
1857
731
734
737
743
746
749
755
758
761
767
770
773
248
251
254
257
1842
1844
1854
1856
1867
1869
2044
2046
2048
272
275
278
281
1886
1887
1888
1889
1828
1829
1839
1841
1850
1851
1852
1853
1862
1863
1864
1865
1874
1875
1876
1877
1997
1999
2001
2003
2028
2029
2030
2031
2032
2033
2034
2035
2036
2037
2038
2039
2040
2041
2042
2043
2068
2069
2070
2071
2072
2073
2074
2075
2076
2077
2078
2079
2080
2081
2082
2083
2108
2109
2110
2112
2113
2114
2116
2117
2118
2120
2121
2122
2204
2205
2206
2208
2209
2210
2212
2213
2214
2216
2217
2218
1866
1868
302
305
308
311
314
317
1891
1893
1895
1902
1903
1904
1905
1906
1907
347
350
740
2085
782
806
830
854
875
2173
936
2181
2172
1015
1027
1039
1051
2180
2084
2124
2136
2148
2160
2111
2207
2244
2248
2252
2256
2126
2138
2150
2162
353
356
752
2087
788
812
836
860
878
2175
948
2183
2174
1018
1030
1042
1054
2182
2086
2127
2139
2151
2163
2115
2211
2245
2249
2253
2257
2129
2141
2153
2165
359
362
764
2089
794
818
842
866
881
2177
960
2185
2176
1021
1033
1045
1057
2184
2088
2130
2142
2154
2166
2119
2215
2246
2250
2254
2258
2132
2144
2156
2168
365
368
776
2091
800
824
848
872
884
2179
972
2187
2178
2010
2090
2133
2145
2157
2169
2050
2123
2219
2135
2147
2159
2171
395
398
1024
2221
1066
1090
1114
1138
1159
2309
2220
2260
2272
2284
2296
2247
2262
2274
2286
2298
401
404
1036
2223
1072
1096
1120
1144
1162
2311
2222
2263
2275
2287
2299
2251
2265
2277
2289
2301
407
410
1048
2225
1078
1102
1126
1150
1165
2313
2224
2266
2278
2290
2302
2255
2268
2280
2292
2304
413
416
1060
2227
2186
1084
1108
1132
1156
1168
2315
2226
2269
2281
2293
2305
2259
2271
2283
2295
2307
443
446
449
452
455
458
461
464
1879
1881
1909
1911
1913
1915
1933
1935
1937
1939
1957
1959
1961
1963
1924
1925
1926
1927
1928
1929
1930
1931
1948
1949
1950
1951
1952
1953
1954
1955
1972
1973
1974
1975
1976
1977
1978
1979
1768
1770
1878
1880
1908
1910
1912
1914
1932
1934
1936
1938
318
1890
319
1892
320
1894
1170
1195
1198
2317
2308
2332
2333
1172
1201
1204
2319
2310
2334
2335
1174
1207
1210
2321
2312
2336
2337
1176
1213
1216
2323
2314
1818
1820
2338
2339
1218
1259
1262
1265
1268
2341
2364
2365
2366
2367
1220
1271
1274
1277
1280
2343
2368
2369
2370
2371
1222
1283
1286
1289
1292
2345
2372
2373
2374
2375
1224
1295
1298
1301
1304
2347
2316
2318
2320
2322
2376
2377
2378
2379
1306
1347
1350
1353
1356
2381
2404
2405
2406
2407
1956
1308
1359
1362
1365
1368
2383
2408
2409
2410
2411
1958
1310
1371
1374
1377
1380
2385
2412
2413
2414
2415
1960
1312
1383
1386
1389
1392
2387
2340
2342
2344
2346
2416
2417
2418
2419
1962
1394
1435
1438
1441
1444
2421
2444
2445
2446
2447
1396
1447
1450
1453
1456
2423
2448
2449
2450
2451
1398
1459
1462
1465
1468
2425
2452
2453
2454
2455
1400
1471
1474
1477
1480
2427
2380
2382
2384
2386
2456
2457
2458
2459
1482
1523
1526
1529
1532
2461
2484
2485
2486
2487
1484
1535
1538
1541
1544
2463
2488
2489
2490
2491
1486
1547
1550
1553
1556
2465
2492
2493
2494
2495
1488
1559
2420
1562
2422
1565
2424
1568
2467
2426
2496
2497
2498
2499
1570
1611
1614
1617
1620
2501
2524
2525
2526
2527
1572
1623
1626
1629
1632
2503
2528
2529
2530
2531
1574
1635
1638
1641
1644
2505
2532
2533
2534
2535
1576
1647
2460
1650
2462
1653
2464
1656
2507
2466
2536
2537
2538
2539
1658
1699
1702
1705
1708
2541
1745
2540
2564
2565
2566
2567
1660
1711
1714
1717
1720
2543
1746
2542
2568
2569
2570
2571
1662
1723
1726
1729
1732
2545
1747
2544
2572
2573
2574
2575
1664
1735
2500
1738
2502
1741
2504
1744
2547
2506
1748
2546
2576
2577
2578
2579