0
5
6
14
15
35
40
41
45
48
49
57
60
61
67
68
88
91
92
96
97
98
106
109
110
116
117
137
140
141
145
146
147
155
158
159
165
166
186
189
190
194
195
196
204
207
208
214
215
235
238
239
243
244
245
253
256
257
263
264
284
287
288
292
293
294
302
305
306
312
313
333
336
337
341
342
343
351
354
355
361
362
382
385
386
390
391
392
400
403
404
410
411
447
452
453
457
460
461
481
482
483
487
488
524
527
528
532
533
534
554
555
556
560
561
597
600
601
605
606
607
627
628
629
633
634
670
673
674
678
679
680
700
701
702
706
707
743
746
747
751
752
753
773
774
775
779
780
816
819
820
824
825
826
846
847
848
852
853
889
892
893
897
898
899
919
920
921
925
926
962
965
966
970
971
972
992
995
996
1002
1003
1039
1044
1045
1049
1052
1053
1073
1074
1075
1079
1080
1116
1119
1120
1124
1125
1126
1146
1147
1148
1152
1153
1189
1192
1193
1197
1198
1199
1219
1220
1221
1225
1226
1262
1265
1266
1270
1271
1272
1292
1293
1294
1298
1299
1335
1338
1339
1343
1344
1345
1365
1366
1367
1371
1372
1408
1411
1412
1416
1417
1418
1438
1439
1440
1444
1445
1481
1484
1485
1489
1490
1491
1511
1512
1513
1517
1518
1554
1557
1558
1562
1563
1564
1584
1587
1588
1594
1595
1631
1636
1637
1641
1644
1645
1665
1666
1667
1671
1672
1708
1711
1712
1716
1717
1718
1738
1739
1740
1744
1745
1781
1784
1785
1789
1790
1791
1811
1812
1813
1817
1818
1854
1857
1858
1862
1863
1864
1884
1885
1886
1890
1891
1927
1930
1931
1935
1936
1937
1957
1958
1959
1963
1964
2000
2003
2004
2008
2009
2010
2030
2031
2032
2036
2037
2073
2076
2077
2081
2082
2083
2103
2104
2105
2109
2110
2146
2149
2150
2154
2155
2156
2176
2179
2180
2186
2187
2223
2228
2229
2233
2236
2237
2257
2258
2259
2263
2264
2300
2303
2304
2308
2309
2310
2330
2331
2332
2336
2337
2373
2376
2377
2381
2382
2383
2403
2404
2405
2409
2410
2446
2449
2450
2454
2455
2456
2476
2477
2478
2482
2483
2519
2522
2523
2527
2528
2529
2549
2550
2551
2555
2556
2592
2595
2596
2600
2601
2602
2622
2623
2624
2628
2629
2665
2668
2669
2673
2674
2675
2695
2696
2697
2701
2702
2738
2741
2742
2746
2747
2748
2768
2771
2772
2778
2779
2815
2820
2821
2825
2828
2829
2849
2850
2851
2855
2856
2892
2895
2896
2900
2901
2902
2922
2923
2924
2928
2929
2965
2968
2969
2973
2974
2975
2995
2996
2997
3001
3002
3038
3041
3042
3046
3047
3048
3068
3069
3070
3074
3075
3111
3114
3115
3119
3120
3121
3141
3142
3143
3147
3148
3184
3187
3188
3192
3193
3194
3214
3215
3216
3220
3221
3257
3260
3261
3265
3266
3267
3287
3288
3289
3293
3294
3330
3333
3334
3338
3339
3340
3360
3363
3364
3370
3371
3407
3412
3413
3417
3420
3421
3441
3442
3443
3447
3448
3484
3487
3488
3492
3493
3494
3514
3515
3516
3520
3521
3557
3560
3561
3565
3566
3567
3587
3588
3589
3593
3594
3630
3633
3634
3638
3639
3640
3660
3661
3662
3666
3667
3703
3706
3707
3711
3712
3713
3733
3734
3735
3739
3740
3776
3779
3780
3784
3785
3786
3806
3807
3808
3812
3813
3849
3852
3853
3857
3858
3859
3879
3880
3881
3885
3886
3922
3925
3926
3930
3931
3932
3952
3955
3956
3962
3963
3999
4004
4005
4009
4012
4013
4043
4044
4045
4049
4050
4086
4089
4090
4094
4095
4096
4126
4127
4128
4132
4133
4169
4172
4173
4177
4178
4179
4209
4210
4211
4215
4216
4252
4255
4256
4260
4261
4262
4292
4293
4294
4298
4299
4335
4338
4339
4343
4344
4345
4375
4376
4377
4381
4382
4418
4421
4422
4426
4427
4428
4458
4459
4460
4464
4465
4501
4504
4505
4509
4510
4511
4541
4542
4543
4547
4548
4584
4587
4588
4592
4593
4594
23
32
76
85
125
134
174
183
223
232
272
281
321
330
370
379
419
428
431
433
435
437
439
441
443
445
496
505
508
510
512
514
516
518
520
522
569
578
581
583
585
587
589
591
593
595
642
651
654
656
658
660
662
664
666
668
715
724
727
729
731
733
735
737
739
741
788
797
800
802
804
806
808
810
812
814
861
870
873
875
877
879
881
883
885
887
934
943
946
948
950
952
954
956
958
960
1011
1020
1023
1025
1027
1029
1031
1033
1035
1037
1088
1097
1100
1102
1104
1106
1108
1110
1112
1114
1161
1170
1173
1175
1177
1179
1181
1183
1185
1187
1234
1243
1246
1248
1250
1252
1254
1256
1258
1260
1307
1316
1319
1321
1323
1325
1327
1329
1331
1333
1380
1389
1392
1394
1396
1398
1400
1402
1404
1406
1453
1462
1465
1467
1469
1471
1473
1475
1477
1479
1526
1535
1538
1540
1542
1544
1546
1548
1550
1552
1603
1612
1615
1617
1619
1621
1623
1625
1627
1629
1680
1689
1692
1694
1696
1698
1700
1702
1704
1706
1753
1762
1765
1767
1769
1771
1773
1775
1777
1779
1826
1835
1838
1840
1842
1844
1846
1848
1850
1852
1899
1908
1911
1913
1915
1917
1919
1921
1923
1925
1972
1981
1984
1986
1988
1990
1992
1994
1996
1998
2045
2054
2057
2059
2061
2063
2065
2067
2069
2071
2118
2127
2130
2132
2134
2136
2138
2140
2142
2144
2195
2204
2207
2209
2211
2213
2215
2217
2219
2221
2272
2281
2284
2286
2288
2290
2292
2294
2296
2298
2345
2354
2357
2359
2361
2363
2365
2367
2369
2371
2418
2427
2430
2432
2434
2436
2438
2440
2442
2444
2491
2500
2503
2505
2507
2509
2511
2513
2515
2517
2564
2573
2576
2578
2580
2582
2584
2586
2588
2590
2637
2646
2649
2651
2653
2655
2657
2659
2661
2663
2710
2719
2722
2724
2726
2728
2730
2732
2734
2736
2787
2796
2799
2801
2803
2805
2807
2809
2811
2813
2864
2873
2876
2878
2880
2882
2884
2886
2888
2890
2937
2946
2949
2951
2953
2955
2957
2959
2961
2963
3010
3019
3022
3024
3026
3028
3030
3032
3034
3036
3083
3092
3095
3097
3099
3101
3103
3105
3107
3109
3156
3165
3168
3170
3172
3174
3176
3178
3180
3182
3229
3238
3241
3243
3245
3247
3249
3251
3253
3255
3302
3311
3314
3316
3318
3320
3322
3324
3326
3328
3379
3388
3391
3393
3395
3397
3399
3401
3403
3405
3456
3465
3468
3470
3472
3474
3476
3478
3480
3482
3529
3538
3541
3543
3545
3547
3549
3551
3553
3555
3602
3611
3614
3616
3618
3620
3622
3624
3626
3628
3675
3684
3687
3689
3691
3693
3695
3697
3699
3701
3748
3757
3760
3762
3764
3766
3768
3770
3772
3774
3821
3830
3833
3835
3837
3839
3841
3843
3845
3847
3894
3903
3906
3908
3910
3912
3914
3916
3918
3920
3971
3980
3983
3985
3987
3989
3991
3993
3995
3997
4033
4058
4067
4070
4072
4074
4076
4078
4080
4082
4084
4116
4141
4150
4153
4155
4157
4159
4161
4163
4165
4167
4199
4224
4233
4236
4238
4240
4242
4244
4246
4248
4250
4282
4307
4316
4319
4321
4323
4325
4327
4329
4331
4333
4365
4390
4399
4402
4404
4406
4408
4410
4412
4414
4416
4448
4473
4482
4485
4487
4489
4491
4493
4495
4497
4499
4531
4556
4565
4568
4570
4572
4574
4576
4578
4580
4582
4614
24
33
77
86
126
135
175
184
224
233
273
282
322
331
371
380
420
429
497
506
570
579
643
652
716
725
789
798
862
871
935
944
1012
1021
1089
1098
1162
1171
1235
1244
1308
1317
1381
1390
1454
1463
1527
1536
1604
1613
1681
1690
1754
1763
1827
1836
1900
1909
1973
1982
2046
2055
2119
2128
2196
2205
2273
2282
2346
2355
2419
2428
2492
2501
2565
2574
2638
2647
2711
2720
2788
2797
2865
2874
2938
2947
3011
3020
3084
3093
3157
3166
3230
3239
3303
3312
3380
3389
3457
3466
3530
3539
3603
3612
3676
3685
3749
3758
3822
3831
3895
3904
3972
3981
4059
4068
4142
4151
4225
4234
4308
4317
4391
4400
4474
4483
4557
4566
19
20
26
28
30
53
55
72
73
79
81
83
102
104
121
122
128
130
132
151
153
170
171
177
179
181
200
202
219
220
226
228
230
249
251
268
269
275
277
279
298
300
317
318
324
326
328
347
349
366
367
373
375
377
396
398
415
416
422
424
426
465
466
469
470
473
475
477
479
492
493
499
501
503
538
539
542
543
546
548
550
552
565
566
572
574
576
611
612
615
616
619
621
623
625
638
639
645
647
649
684
685
688
689
692
694
696
698
711
712
718
720
722
757
758
761
762
765
767
769
771
784
785
791
793
795
830
831
834
835
838
840
842
844
857
858
864
866
868
903
904
907
908
911
913
915
917
930
931
937
939
941
976
977
980
981
984
986
988
990
1007
1008
1014
1016
1018
1057
1058
1061
1062
1065
1067
1069
1071
1084
1085
1091
1093
1095
1130
1131
1134
1135
1138
1140
1142
1144
1157
1158
1164
1166
1168
1203
1204
1207
1208
1211
1213
1215
1217
1230
1231
1237
1239
1241
1276
1277
1280
1281
1284
1286
1288
1290
1303
1304
1310
1312
1314
1349
1350
1353
1354
1357
1359
1361
1363
1376
1377
1383
1385
1387
1422
1423
1426
1427
1430
1432
1434
1436
1449
1450
1456
1458
1460
1495
1496
1499
1500
1503
1505
1507
1509
1522
1523
1529
1531
1533
1568
1569
1572
1573
1576
1578
1580
1582
1599
1600
1606
1608
1610
1649
1650
1653
1654
1657
1659
1661
1663
1676
1677
1683
1685
1687
1722
1723
1726
1727
1730
1732
1734
1736
1749
1750
1756
1758
1760
1795
1796
1799
1800
1803
1805
1807
1809
1822
1823
1829
1831
1833
1868
1869
1872
1873
1876
1878
1880
1882
1895
1896
1902
1904
1906
1941
1942
1945
1946
1949
1951
1953
1955
1968
1969
1975
1977
1979
2014
2015
2018
2019
2022
2024
2026
2028
2041
2042
2048
2050
2052
2087
2088
2091
2092
2095
2097
2099
2101
2114
2115
2121
2123
2125
2160
2161
2164
2165
2168
2170
2172
2174
2191
2192
2198
2200
2202
2241
2242
2245
2246
2249
2251
2253
2255
2268
2269
2275
2277
2279
2314
2315
2318
2319
2322
2324
2326
2328
2341
2342
2348
2350
2352
2387
2388
2391
2392
2395
2397
2399
2401
2414
2415
2421
2423
2425
2460
2461
2464
2465
2468
2470
2472
2474
2487
2488
2494
2496
2498
2533
2534
2537
2538
2541
2543
2545
2547
2560
2561
2567
2569
2571
2606
2607
2610
2611
2614
2616
2618
2620
2633
2634
2640
2642
2644
2679
2680
2683
2684
2687
2689
2691
2693
2706
2707
2713
2715
2717
2752
2753
2756
2757
2760
2762
2764
2766
2783
2784
2790
2792
2794
2833
2834
2837
2838
2841
2843
2845
2847
2860
2861
2867
2869
2871
2906
2907
2910
2911
2914
2916
2918
2920
2933
2934
2940
2942
2944
2979
2980
2983
2984
2987
2989
2991
2993
3006
3007
3013
3015
3017
3052
3053
3056
3057
3060
3062
3064
3066
3079
3080
3086
3088
3090
3125
3126
3129
3130
3133
3135
3137
3139
3152
3153
3159
3161
3163
3198
3199
3202
3203
3206
3208
3210
3212
3225
3226
3232
3234
3236
3271
3272
3275
3276
3279
3281
3283
3285
3298
3299
3305
3307
3309
3344
3345
3348
3349
3352
3354
3356
3358
3375
3376
3382
3384
3386
3425
3426
3429
3430
3433
3435
3437
3439
3452
3453
3459
3461
3463
3498
3499
3502
3503
3506
3508
3510
3512
3525
3526
3532
3534
3536
3571
3572
3575
3576
3579
3581
3583
3585
3598
3599
3605
3607
3609
3644
3645
3648
3649
3652
3654
3656
3658
3671
3672
3678
3680
3682
3717
3718
3721
3722
3725
3727
3729
3731
3744
3745
3751
3753
3755
3790
3791
3794
3795
3798
3800
3802
3804
3817
3818
3824
3826
3828
3863
3864
3867
3868
3871
3873
3875
3877
3890
3891
3897
3899
3901
3936
3937
3940
3941
3944
3946
3948
3950
3967
3968
3974
3976
3978
4017
4018
4021
4022
4025
4027
4029
4031
4035
4037
4054
4055
4061
4063
4065
4100
4101
4104
4105
4108
4110
4112
4114
4118
4120
4137
4138
4144
4146
4148
4183
4184
4187
4188
4191
4193
4195
4197
4201
4203
4220
4221
4227
4229
4231
4266
4267
4270
4271
4274
4276
4278
4280
4284
4286
4303
4304
4310
4312
4314
4349
4350
4353
4354
4357
4359
4361
4363
4367
4369
4386
4387
4393
4395
4397
4432
4433
4436
4437
4440
4442
4444
4446
4450
4452
4469
4470
4476
4478
4480
4515
4516
4519
4520
4523
4525
4527
4529
4533
4535
4552
4553
4559
4561
4563
4598
4599
4602
4603
4606
4608
4610
4612
4616
4618
1
3
7
405
997
1589
2181
2773
3365
3957
4625
2
4
8
9
63
112
161
210
259
308
357
4626
4627
4628
10
12
16
412
1004
1596
2188
2780
3372
3964
4629
11
13
17
18
21
70
119
168
217
266
315
364
4630
22
27
4633
29
4637
31
4624
25
4634
34
4639
4631
4632
4636
4641
36
38
4638
42
50
4643
37
39
43
44
54
94
143
192
241
290
339
388
4644
4642
4645
4646
46
47
51
52
56
100
149
198
247
296
345
394
4648
4647
4649
4650
58
59
62
64
484
1076
1668
2260
2852
3444
4046
4654
4655
4656
65
66
69
71
74
489
1081
1673
2265
2857
3449
4051
4657
75
80
4660
82
4664
84
4653
78
4661
87
4666
4658
4659
4663
4668
89
90
4665
93
95
99
4670
101
103
105
4669
4673
4671
4672
4674
4675
107
108
111
113
557
1149
1741
2333
2925
3517
4129
4679
4680
4681
114
115
118
120
123
562
1154
1746
2338
2930
3522
4134
4682
124
129
4685
131
4689
133
4678
127
4686
136
4691
4683
4684
4688
4693
138
139
4690
142
144
148
4695
150
152
154
4694
4698
4696
4697
4699
4700
156
157
160
162
630
1222
1814
2406
2998
3590
4212
4704
4705
4706
163
164
167
169
172
635
1227
1819
2411
3003
3595
4217
4707
173
178
4710
180
4714
182
4703
176
4711
185
4716
4708
4709
4713
4718
187
188
4715
191
193
197
4720
199
201
203
4719
4723
4721
4722
4724
4725
205
206
209
211
703
1295
1887
2479
3071
3663
4295
4729
4730
4731
212
213
216
218
221
708
1300
1892
2484
3076
3668
4300
4732
222
227
4735
229
4739
231
4728
225
4736
234
4741
4733
4734
4738
4743
236
237
4740
240
242
246
4745
248
250
252
4744
4748
4746
4747
4749
4750
254
255
258
260
776
1368
1960
2552
3144
3736
4378
4754
4755
4756
261
262
265
267
270
781
1373
1965
2557
3149
3741
4383
4757
271
276
4760
278
4764
280
4753
274
4761
283
4766
4758
4759
4763
4768
285
286
4765
289
291
295
4770
297
299
301
4769
4773
4771
4772
4774
4775
303
304
307
309
849
1441
2033
2625
3217
3809
4461
4779
4780
4781
310
311
314
316
319
854
1446
2038
2630
3222
3814
4466
4782
320
325
4785
327
4789
329
4778
323
4786
332
4791
4783
4784
4788
4793
334
335
4790
338
340
344
4795
346
348
350
4794
4798
4796
4797
4799
4800
352
353
356
358
922
1514
2106
2698
3290
3882
4544
4804
4805
4806
359
360
363
365
368
927
1519
2111
2703
3295
3887
4549
4807
369
374
4810
376
4814
378
4803
372
4811
381
4816
4808
4809
4813
4818
383
384
4815
387
389
393
4820
395
397
399
4819
4823
4821
4822
4824
4825
401
402
406
407
485
486
558
559
631
632
704
705
777
778
850
851
923
4829
924
4830
4831
4870
4871
4907
4908
4944
4945
4981
4982
5018
5019
5055
5056
5092
5093
408
409
413
414
417
490
491
494
563
564
567
636
637
640
709
710
713
782
783
786
855
856
859
928
4832
929
932
418
423
4835
425
4839
427
495
500
4874
502
4878
504
568
573
4911
575
4915
577
641
646
4948
648
4952
650
714
719
4985
721
4989
723
787
792
5022
794
5026
796
860
865
5059
867
5063
869
933
938
5096
940
5100
942
4828
4869
4906
4943
4980
5017
5054
5091
421
4836
498
4875
571
4912
644
4949
717
4986
790
5023
863
5060
936
5097
430
4841
507
4880
580
4917
653
4954
726
4991
799
5028
872
5065
945
5102
4833
4834
4872
4873
4909
4910
4946
4947
4983
4984
5020
5021
5057
5058
5094
5095
4838
4843
4877
4882
4914
4919
4951
4956
4988
4993
5025
5030
5062
5067
5099
5104
432
509
582
655
728
801
874
947
434
4635
438
4837
511
4662
515
4876
584
4687
588
4913
657
4712
661
4950
730
4737
734
4987
803
4762
807
5024
876
4787
880
5061
949
4812
953
5098
436
474
4651
476
4652
4845
444
4640
4846
440
4847
442
4842
446
4849
4850
513
547
4676
549
4677
4884
521
4667
4885
517
4886
519
4881
523
4888
4889
586
620
4701
622
4702
4921
594
4692
4922
590
4923
592
4918
596
4925
4926
659
693
4726
695
4727
4958
667
4717
4959
663
4960
665
4955
669
4962
4963
732
766
4751
768
4752
4995
740
4742
4996
736
4997
738
4992
742
4999
5000
805
839
4776
841
4777
5032
813
4767
5033
809
5034
811
5029
815
5036
5037
878
912
4801
914
4802
5069
886
4792
5070
882
5071
884
5066
888
5073
5074
951
985
4826
987
4827
5106
959
4817
5107
955
5108
957
5103
961
5110
5111
448
450
4840
454
462
4853
449
451
455
456
467
530
603
676
749
822
895
968
4854
468
4861
478
4862
4865
4852
4855
4856
458
459
463
464
471
536
609
682
755
828
901
974
4858
472
4863
480
4864
4866
4857
4859
4860
4848
525
526
4879
529
531
535
4892
537
540
544
541
4898
551
4899
4902
545
4900
553
4901
4903
4891
4895
4893
4894
4896
4897
4887
598
599
4916
602
604
608
4929
610
613
617
614
4935
624
4936
4939
618
4937
626
4938
4940
4928
4932
4930
4931
4933
4934
4924
671
672
4953
675
677
681
4966
683
686
690
687
4972
697
4973
4976
691
4974
699
4975
4977
4965
4969
4967
4968
4970
4971
4961
744
745
4990
748
750
754
5003
756
759
763
760
5009
770
5010
5013
764
5011
772
5012
5014
5002
5006
5004
5005
5007
5008
4998
817
818
5027
821
823
827
5040
829
832
836
833
5046
843
5047
5050
837
5048
845
5049
5051
5039
5043
5041
5042
5044
5045
5035
890
891
5064
894
896
900
5077
902
905
909
906
5083
916
5084
5087
910
5085
918
5086
5088
5076
5080
5078
5079
5081
5082
5072
963
964
5101
967
969
973
5114
975
978
982
979
5120
989
5121
5124
983
5122
991
5123
5125
5113
5117
5115
5116
5118
5119
5109
993
994
998
999
1077
1078
1150
1151
1223
1224
1296
1297
1369
1370
1442
1443
1515
5129
1516
5130
5131
5170
5171
5207
5208
5244
5245
5281
5282
5318
5319
5355
5356
5392
5393
1000
1001
1005
1006
1009
1082
1083
1086
1155
1156
1159
1228
1229
1232
1301
1302
1305
1374
1375
1378
1447
1448
1451
1520
5132
1521
1524
1010
1015
5135
1017
5139
1019
1087
1092
5174
1094
5178
1096
1160
1165
5211
1167
5215
1169
1233
1238
5248
1240
5252
1242
1306
1311
5285
1313
5289
1315
1379
1384
5322
1386
5326
1388
1452
1457
5359
1459
5363
1461
1525
1530
5396
1532
5400
1534
5128
5169
5206
5243
5280
5317
5354
5391
1013
5136
1090
5175
1163
5212
1236
5249
1309
5286
1382
5323
1455
5360
1528
5397
1022
5141
1099
5180
1172
5217
1245
5254
1318
5291
1391
5328
1464
5365
1537
5402
5133
5134
5172
5173
5209
5210
5246
5247
5283
5284
5320
5321
5357
5358
5394
5395
5138
5143
5177
5182
5214
5219
5251
5256
5288
5293
5325
5330
5362
5367
5399
5404
1024
1101
1174
1247
1320
1393
1466
1539
1026
4844
1030
5137
1103
4883
1107
5176
1176
4920
1180
5213
1249
4957
1253
5250
1322
4994
1326
5287
1395
5031
1399
5324
1468
5068
1472
5361
1541
5105
1545
5398
1028
1066
4867
1068
4868
5145
1036
4851
5146
1032
5147
1034
5142
1038
5149
5150
1105
1139
4904
1141
4905
5184
1113
4890
5185
1109
5186
1111
5181
1115
5188
5189
1178
1212
4941
1214
4942
5221
1186
4927
5222
1182
5223
1184
5218
1188
5225
5226
1251
1285
4978
1287
4979
5258
1259
4964
5259
1255
5260
1257
5255
1261
5262
5263
1324
1358
5015
1360
5016
5295
1332
5001
5296
1328
5297
1330
5292
1334
5299
5300
1397
1431
5052
1433
5053
5332
1405
5038
5333
1401
5334
1403
5329
1407
5336
5337
1470
1504
5089
1506
5090
5369
1478
5075
5370
1474
5371
1476
5366
1480
5373
5374
1543
1577
5126
1579
5127
5406
1551
5112
5407
1547
5408
1549
5403
1553
5410
5411
1040
1042
5140
1046
1054
5153
1041
1043
1047
1048
1059
1122
1195
1268
1341
1414
1487
1560
5154
1060
5161
1070
5162
5165
5152
5155
5156
1050
1051
1055
1056
1063
1128
1201
1274
1347
1420
1493
1566
5158
1064
5163
1072
5164
5166
5157
5159
5160
5148
1117
1118
5179
1121
1123
1127
5192
1129
1132
1136
1133
5198
1143
5199
5202
1137
5200
1145
5201
5203
5191
5195
5193
5194
5196
5197
5187
1190
1191
5216
1194
1196
1200
5229
1202
1205
1209
1206
5235
1216
5236
5239
1210
5237
1218
5238
5240
5228
5232
5230
5231
5233
5234
5224
1263
1264
5253
1267
1269
1273
5266
1275
1278
1282
1279
5272
1289
5273
5276
1283
5274
1291
5275
5277
5265
5269
5267
5268
5270
5271
5261
1336
1337
5290
1340
1342
1346
5303
1348
1351
1355
1352
5309
1362
5310
5313
1356
5311
1364
5312
5314
5302
5306
5304
5305
5307
5308
5298
1409
1410
5327
1413
1415
1419
5340
1421
1424
1428
1425
5346
1435
5347
5350
1429
5348
1437
5349
5351
5339
5343
5341
5342
5344
5345
5335
1482
1483
5364
1486
1488
1492
5377
1494
1497
1501
1498
5383
1508
5384
5387
1502
5385
1510
5386
5388
5376
5380
5378
5379
5381
5382
5372
1555
1556
5401
1559
1561
1565
5414
1567
1570
1574
1571
5420
1581
5421
5424
1575
5422
1583
5423
5425
5413
5417
5415
5416
5418
5419
5409
1585
1586
1590
1591
1669
1670
1742
1743
1815
1816
1888
1889
1961
1962
2034
2035
2107
5429
2108
5430
5431
5470
5471
5507
5508
5544
5545
5581
5582
5618
5619
5655
5656
5692
5693
1592
1593
1597
1598
1601
1674
1675
1678
1747
1748
1751
1820
1821
1824
1893
1894
1897
1966
1967
1970
2039
2040
2043
2112
5432
2113
2116
1602
1607
5435
1609
5439
1611
1679
1684
5474
1686
5478
1688
1752
1757
5511
1759
5515
1761
1825
1830
5548
1832
5552
1834
1898
1903
5585
1905
5589
1907
1971
1976
5622
1978
5626
1980
2044
2049
5659
2051
5663
2053
2117
2122
5696
2124
5700
2126
5428
5469
5506
5543
5580
5617
5654
5691
1605
5436
1682
5475
1755
5512
1828
5549
1901
5586
1974
5623
2047
5660
2120
5697
1614
5441
1691
5480
1764
5517
1837
5554
1910
5591
1983
5628
2056
5665
2129
5702
5433
5434
5472
5473
5509
5510
5546
5547
5583
5584
5620
5621
5657
5658
5694
5695
5438
5443
5477
5482
5514
5519
5551
5556
5588
5593
5625
5630
5662
5667
5699
5704
1616
1693
1766
1839
1912
1985
2058
2131
1618
5144
1622
5437
1695
5183
1699
5476
1768
5220
1772
5513
1841
5257
1845
5550
1914
5294
1918
5587
1987
5331
1991
5624
2060
5368
2064
5661
2133
5405
2137
5698
1620
1658
5167
1660
5168
5445
1628
5151
5446
1624
5447
1626
5442
1630
5449
5450
1697
1731
5204
1733
5205
5484
1705
5190
5485
1701
5486
1703
5481
1707
5488
5489
1770
1804
5241
1806
5242
5521
1778
5227
5522
1774
5523
1776
5518
1780
5525
5526
1843
1877
5278
1879
5279
5558
1851
5264
5559
1847
5560
1849
5555
1853
5562
5563
1916
1950
5315
1952
5316
5595
1924
5301
5596
1920
5597
1922
5592
1926
5599
5600
1989
2023
5352
2025
5353
5632
1997
5338
5633
1993
5634
1995
5629
1999
5636
5637
2062
2096
5389
2098
5390
5669
2070
5375
5670
2066
5671
2068
5666
2072
5673
5674
2135
2169
5426
2171
5427
5706
2143
5412
5707
2139
5708
2141
5703
2145
5710
5711
1632
1634
5440
1638
1646
5453
1633
1635
1639
1640
1651
1714
1787
1860
1933
2006
2079
2152
5454
1652
5461
1662
5462
5465
5452
5455
5456
1642
1643
1647
1648
1655
1720
1793
1866
1939
2012
2085
2158
5458
1656
5463
1664
5464
5466
5457
5459
5460
5448
1709
1710
5479
1713
1715
1719
5492
1721
1724
1728
1725
5498
1735
5499
5502
1729
5500
1737
5501
5503
5491
5495
5493
5494
5496
5497
5487
1782
1783
5516
1786
1788
1792
5529
1794
1797
1801
1798
5535
1808
5536
5539
1802
5537
1810
5538
5540
5528
5532
5530
5531
5533
5534
5524
1855
1856
5553
1859
1861
1865
5566
1867
1870
1874
1871
5572
1881
5573
5576
1875
5574
1883
5575
5577
5565
5569
5567
5568
5570
5571
5561
1928
1929
5590
1932
1934
1938
5603
1940
1943
1947
1944
5609
1954
5610
5613
1948
5611
1956
5612
5614
5602
5606
5604
5605
5607
5608
5598
2001
2002
5627
2005
2007
2011
5640
2013
2016
2020
2017
5646
2027
5647
5650
2021
5648
2029
5649
5651
5639
5643
5641
5642
5644
5645
5635
2074
2075
5664
2078
2080
2084
5677
2086
2089
2093
2090
5683
2100
5684
5687
2094
5685
2102
5686
5688
5676
5680
5678
5679
5681
5682
5672
2147
2148
5701
2151
2153
2157
5714
2159
2162
2166
2163
5720
2173
5721
5724
2167
5722
2175
5723
5725
5713
5717
5715
5716
5718
5719
5709
2177
2178
2182
2183
2261
2262
2334
2335
2407
2408
2480
2481
2553
2554
2626
2627
2699
5729
2700
5730
5731
5770
5771
5807
5808
5844
5845
5881
5882
5918
5919
5955
5956
5992
5993
2184
2185
2189
2190
2193
2266
2267
2270
2339
2340
2343
2412
2413
2416
2485
2486
2489
2558
2559
2562
2631
2632
2635
2704
5732
2705
2708
2194
2199
5735
2201
5739
2203
2271
2276
5774
2278
5778
2280
2344
2349
5811
2351
5815
2353
2417
2422
5848
2424
5852
2426
2490
2495
5885
2497
5889
2499
2563
2568
5922
2570
5926
2572
2636
2641
5959
2643
5963
2645
2709
2714
5996
2716
6000
2718
5728
5769
5806
5843
5880
5917
5954
5991
2197
5736
2274
5775
2347
5812
2420
5849
2493
5886
2566
5923
2639
5960
2712
5997
2206
5741
2283
5780
2356
5817
2429
5854
2502
5891
2575
5928
2648
5965
2721
6002
5733
5734
5772
5773
5809
5810
5846
5847
5883
5884
5920
5921
5957
5958
5994
5995
5738
5743
5777
5782
5814
5819
5851
5856
5888
5893
5925
5930
5962
5967
5999
6004
2208
2285
2358
2431
2504
2577
2650
2723
2210
5444
2214
5737
2287
5483
2291
5776
2360
5520
2364
5813
2433
5557
2437
5850
2506
5594
2510
5887
2579
5631
2583
5924
2652
5668
2656
5961
2725
5705
2729
5998
2212
2250
5467
2252
5468
5745
2220
5451
5746
2216
5747
2218
5742
2222
5749
5750
2289
2323
5504
2325
5505
5784
2297
5490
5785
2293
5786
2295
5781
2299
5788
5789
2362
2396
5541
2398
5542
5821
2370
5527
5822
2366
5823
2368
5818
2372
5825
5826
2435
2469
5578
2471
5579
5858
2443
5564
5859
2439
5860
2441
5855
2445
5862
5863
2508
2542
5615
2544
5616
5895
2516
5601
5896
2512
5897
2514
5892
2518
5899
5900
2581
2615
5652
2617
5653
5932
2589
5638
5933
2585
5934
2587
5929
2591
5936
5937
2654
2688
5689
2690
5690
5969
2662
5675
5970
2658
5971
2660
5966
2664
5973
5974
2727
2761
5726
2763
5727
6006
2735
5712
6007
2731
6008
2733
6003
2737
6010
6011
2224
2226
5740
2230
2238
5753
2225
2227
2231
2232
2243
2306
2379
2452
2525
2598
2671
2744
5754
2244
5761
2254
5762
5765
5752
5755
5756
2234
2235
2239
2240
2247
2312
2385
2458
2531
2604
2677
2750
5758
2248
5763
2256
5764
5766
5757
5759
5760
5748
2301
2302
5779
2305
2307
2311
5792
2313
2316
2320
2317
5798
2327
5799
5802
2321
5800
2329
5801
5803
5791
5795
5793
5794
5796
5797
5787
2374
2375
5816
2378
2380
2384
5829
2386
2389
2393
2390
5835
2400
5836
5839
2394
5837
2402
5838
5840
5828
5832
5830
5831
5833
5834
5824
2447
2448
5853
2451
2453
2457
5866
2459
2462
2466
2463
5872
2473
5873
5876
2467
5874
2475
5875
5877
5865
5869
5867
5868
5870
5871
5861
2520
2521
5890
2524
2526
2530
5903
2532
2535
2539
2536
5909
2546
5910
5913
2540
5911
2548
5912
5914
5902
5906
5904
5905
5907
5908
5898
2593
2594
5927
2597
2599
2603
5940
2605
2608
2612
2609
5946
2619
5947
5950
2613
5948
2621
5949
5951
5939
5943
5941
5942
5944
5945
5935
2666
2667
5964
2670
2672
2676
5977
2678
2681
2685
2682
5983
2692
5984
5987
2686
5985
2694
5986
5988
5976
5980
5978
5979
5981
5982
5972
2739
2740
6001
2743
2745
2749
6014
2751
2754
2758
2755
6020
2765
6021
6024
2759
6022
2767
6023
6025
6013
6017
6015
6016
6018
6019
6009
2769
2770
2774
2775
2853
2854
2926
2927
2999
3000
3072
3073
3145
3146
3218
3219
3291
6029
3292
6030
6031
6070
6071
6107
6108
6144
6145
6181
6182
6218
6219
6255
6256
6292
6293
2776
2777
2781
2782
2785
2858
2859
2862
2931
2932
2935
3004
3005
3008
3077
3078
3081
3150
3151
3154
3223
3224
3227
3296
6032
3297
3300
2786
2791
6035
2793
6039
2795
2863
2868
6074
2870
6078
2872
2936
2941
6111
2943
6115
2945
3009
3014
6148
3016
6152
3018
3082
3087
6185
3089
6189
3091
3155
3160
6222
3162
6226
3164
3228
3233
6259
3235
6263
3237
3301
3306
6296
3308
6300
3310
6028
6069
6106
6143
6180
6217
6254
6291
2789
6036
2866
6075
2939
6112
3012
6149
3085
6186
3158
6223
3231
6260
3304
6297
2798
6041
2875
6080
2948
6117
3021
6154
3094
6191
3167
6228
3240
6265
3313
6302
6033
6034
6072
6073
6109
6110
6146
6147
6183
6184
6220
6221
6257
6258
6294
6295
6038
6043
6077
6082
6114
6119
6151
6156
6188
6193
6225
6230
6262
6267
6299
6304
2800
2877
2950
3023
3096
3169
3242
3315
2802
5744
2806
6037
2879
5783
2883
6076
2952
5820
2956
6113
3025
5857
3029
6150
3098
5894
3102
6187
3171
5931
3175
6224
3244
5968
3248
6261
3317
6005
3321
6298
2804
2842
5767
2844
5768
6045
2812
5751
6046
2808
6047
2810
6042
2814
6049
6050
2881
2915
5804
2917
5805
6084
2889
5790
6085
2885
6086
2887
6081
2891
6088
6089
2954
2988
5841
2990
5842
6121
2962
5827
6122
2958
6123
2960
6118
2964
6125
6126
3027
3061
5878
3063
5879
6158
3035
5864
6159
3031
6160
3033
6155
3037
6162
6163
3100
3134
5915
3136
5916
6195
3108
5901
6196
3104
6197
3106
6192
3110
6199
6200
3173
3207
5952
3209
5953
6232
3181
5938
6233
3177
6234
3179
6229
3183
6236
6237
3246
3280
5989
3282
5990
6269
3254
5975
6270
3250
6271
3252
6266
3256
6273
6274
3319
3353
6026
3355
6027
6306
3327
6012
6307
3323
6308
3325
6303
3329
6310
6311
2816
2818
6040
2822
2830
6053
2817
2819
2823
2824
2835
2898
2971
3044
3117
3190
3263
3336
6054
2836
6061
2846
6062
6065
6052
6055
6056
2826
2827
2831
2832
2839
2904
2977
3050
3123
3196
3269
3342
6058
2840
6063
2848
6064
6066
6057
6059
6060
6048
2893
2894
6079
2897
2899
2903
6092
2905
2908
2912
2909
6098
2919
6099
6102
2913
6100
2921
6101
6103
6091
6095
6093
6094
6096
6097
6087
2966
2967
6116
2970
2972
2976
6129
2978
2981
2985
2982
6135
2992
6136
6139
2986
6137
2994
6138
6140
6128
6132
6130
6131
6133
6134
6124
3039
3040
6153
3043
3045
3049
6166
3051
3054
3058
3055
6172
3065
6173
6176
3059
6174
3067
6175
6177
6165
6169
6167
6168
6170
6171
6161
3112
3113
6190
3116
3118
3122
6203
3124
3127
3131
3128
6209
3138
6210
6213
3132
6211
3140
6212
6214
6202
6206
6204
6205
6207
6208
6198
3185
3186
6227
3189
3191
3195
6240
3197
3200
3204
3201
6246
3211
6247
6250
3205
6248
3213
6249
6251
6239
6243
6241
6242
6244
6245
6235
3258
3259
6264
3262
3264
3268
6277
3270
3273
3277
3274
6283
3284
6284
6287
3278
6285
3286
6286
6288
6276
6280
6278
6279
6281
6282
6272
3331
3332
6301
3335
3337
3341
6314
3343
3346
3350
3347
6320
3357
6321
6324
3351
6322
3359
6323
6325
6313
6317
6315
6316
6318
6319
6309
3361
3362
3366
3367
3445
3446
3518
3519
3591
3592
3664
3665
3737
3738
3810
3811
3883
6329
3884
6330
6331
6370
6371
6407
6408
6444
6445
6481
6482
6518
6519
6555
6556
6592
6593
3368
3369
3373
3374
3377
3450
3451
3454
3523
3524
3527
3596
3597
3600
3669
3670
3673
3742
3743
3746
3815
3816
3819
3888
6332
3889
3892
3378
3383
6335
3385
6339
3387
3455
3460
6374
3462
6378
3464
3528
3533
6411
3535
6415
3537
3601
3606
6448
3608
6452
3610
3674
3679
6485
3681
6489
3683
3747
3752
6522
3754
6526
3756
3820
3825
6559
3827
6563
3829
3893
3898
6596
3900
6600
3902
6328
6369
6406
6443
6480
6517
6554
6591
3381
6336
3458
6375
3531
6412
3604
6449
3677
6486
3750
6523
3823
6560
3896
6597
3390
6341
3467
6380
3540
6417
3613
6454
3686
6491
3759
6528
3832
6565
3905
6602
6333
6334
6372
6373
6409
6410
6446
6447
6483
6484
6520
6521
6557
6558
6594
6595
6338
6343
6377
6382
6414
6419
6451
6456
6488
6493
6525
6530
6562
6567
6599
6604
3392
3469
3542
3615
3688
3761
3834
3907
3394
6044
3398
6337
3471
6083
3475
6376
3544
6120
3548
6413
3617
6157
3621
6450
3690
6194
3694
6487
3763
6231
3767
6524
3836
6268
3840
6561
3909
6305
3913
6598
3396
3434
6067
3436
6068
6345
3404
6051
6346
3400
6347
3402
6342
3406
6349
6350
3473
3507
6104
3509
6105
6384
3481
6090
6385
3477
6386
3479
6381
3483
6388
6389
3546
3580
6141
3582
6142
6421
3554
6127
6422
3550
6423
3552
6418
3556
6425
6426
3619
3653
6178
3655
6179
6458
3627
6164
6459
3623
6460
3625
6455
3629
6462
6463
3692
3726
6215
3728
6216
6495
3700
6201
6496
3696
6497
3698
6492
3702
6499
6500
3765
3799
6252
3801
6253
6532
3773
6238
6533
3769
6534
3771
6529
3775
6536
6537
3838
3872
6289
3874
6290
6569
3846
6275
6570
3842
6571
3844
6566
3848
6573
6574
3911
3945
6326
3947
6327
6606
3919
6312
6607
3915
6608
3917
6603
3921
6610
6611
3408
3410
6340
3414
3422
6353
3409
3411
3415
3416
3427
3490
3563
3636
3709
3782
3855
3928
6354
3428
6361
3438
6362
6365
6352
6355
6356
3418
3419
3423
3424
3431
3496
3569
3642
3715
3788
3861
3934
6358
3432
6363
3440
6364
6366
6357
6359
6360
6348
3485
3486
6379
3489
3491
3495
6392
3497
3500
3504
3501
6398
3511
6399
6402
3505
6400
3513
6401
6403
6391
6395
6393
6394
6396
6397
6387
3558
3559
6416
3562
3564
3568
6429
3570
3573
3577
3574
6435
3584
6436
6439
3578
6437
3586
6438
6440
6428
6432
6430
6431
6433
6434
6424
3631
3632
6453
3635
3637
3641
6466
3643
3646
3650
3647
6472
3657
6473
6476
3651
6474
3659
6475
6477
6465
6469
6467
6468
6470
6471
6461
3704
3705
6490
3708
3710
3714
6503
3716
3719
3723
3720
6509
3730
6510
6513
3724
6511
3732
6512
6514
6502
6506
6504
6505
6507
6508
6498
3777
3778
6527
3781
3783
3787
6540
3789
3792
3796
3793
6546
3803
6547
6550
3797
6548
3805
6549
6551
6539
6543
6541
6542
6544
6545
6535
3850
3851
6564
3854
3856
3860
6577
3862
3865
3869
3866
6583
3876
6584
6587
3870
6585
3878
6586
6588
6576
6580
6578
6579
6581
6582
6572
3923
3924
6601
3927
3929
3933
6614
3935
3938
3942
3939
6620
3949
6621
6624
3943
6622
3951
6623
6625
6613
6617
6615
6616
6618
6619
6609
3953
3954
3958
3959
4047
4048
4130
4131
4213
4214
4296
4297
4379
4380
4462
4463
4545
6629
4546
6630
6631
6673
6674
6713
6714
6753
6754
6793
6794
6833
6834
6873
6874
6913
6914
3960
3961
3965
3966
3969
4052
4053
4056
4135
4136
4139
4218
4219
4222
4301
4302
4305
4384
4385
4388
4467
4468
4471
4550
6632
4551
4554
3970
3975
6635
3977
6639
3979
4057
4062
6677
4064
6681
4066
4140
4145
6717
4147
6721
4149
4223
4228
6757
4230
6761
4232
4306
4311
6797
4313
6801
4315
4389
4394
6837
4396
6841
4398
4472
4477
6877
4479
6881
4481
4555
4560
6917
4562
6921
4564
6628
6672
6712
6752
6792
6832
6872
6912
3973
6636
4060
6678
4143
6718
4226
6758
4309
6798
4392
6838
4475
6878
4558
6918
3982
6641
4069
6683
4152
6723
4235
6763
4318
6803
4401
6843
4484
6883
4567
6923
6633
6634
6675
6676
6715
6716
6755
6756
6795
6796
6835
6836
6875
6876
6915
6916
6638
6643
6680
6685
6720
6725
6760
6765
6800
6805
6840
6845
6880
6885
6920
6925
3984
3986
6344
3990
6637
4071
4073
6383
4077
6679
4154
4156
6420
4160
6719
4237
4239
6457
4243
6759
4320
4322
6494
4326
6799
4403
4405
6531
4409
6839
4486
4488
6568
4492
6879
4569
4571
6605
4575
6919
3988
4026
6367
4028
6368
6645
3996
6351
6646
3992
6647
3994
3998
6642
6649
6650
4075
4109
6404
4111
6405
6687
4083
6390
6688
4079
6689
4081
4085
6684
6691
6692
4158
4192
6441
4194
6442
6727
4166
6427
6728
4162
6729
4164
4168
6724
6731
6732
4241
4275
6478
4277
6479
6767
4249
6464
6768
4245
6769
4247
4251
6764
6771
6772
4324
4358
6515
4360
6516
6807
4332
6501
6808
4328
6809
4330
4334
6804
6811
6812
4407
4441
6552
4443
6553
6847
4415
6538
6848
4411
6849
4413
4417
6844
6851
6852
4490
4524
6589
4526
6590
6887
4498
6575
6888
4494
6889
4496
4500
6884
6891
6892
4573
4607
6626
4609
6627
6927
4581
6612
6928
4577
6929
4579
4583
6924
6931
6932
4034
4117
4200
4283
4366
4449
4532
4615
4041
6651
4042
6644
4124
6693
4125
6686
4207
6733
4208
6726
4290
6773
4291
6766
4373
6813
4374
6806
4456
6853
4457
6846
4539
6893
4540
6886
4622
6933
4623
6926
4000
4002
6640
4006
4014
6653
4001
4003
4007
4008
4019
4092
4175
4258
4341
4424
4507
4590
6654
4020
6661
4030
6662
6665
4036
6667
6652
4039
6670
6655
6656
4010
4011
4015
4016
4023
4098
4181
4264
4347
4430
4513
4596
6658
4024
6663
4032
6664
6666
4038
6668
6657
4040
6671
6659
6660
6648
6669
4087
4088
6682
4091
4093
4097
6695
4099
4102
4106
4103
6701
4113
6702
6705
4107
6703
4115
6704
6706
4119
6707
4121
6708
6694
6698
4122
6710
4123
6711
6696
6697
6699
6700
6690
6709
4170
4171
6722
4174
4176
4180
6735
4182
4185
4189
4186
6741
4196
6742
6745
4190
6743
4198
6744
6746
4202
6747
4204
6748
6734
6738
4205
6750
4206
6751
6736
6737
6739
6740
6730
6749
4253
4254
6762
4257
4259
4263
6775
4265
4268
4272
4269
6781
4279
6782
6785
4273
6783
4281
6784
6786
4285
6787
4287
6788
6774
6778
4288
6790
4289
6791
6776
6777
6779
6780
6770
6789
4336
4337
6802
4340
4342
4346
6815
4348
4351
4355
4352
6821
4362
6822
6825
4356
6823
4364
6824
6826
4368
6827
4370
6828
6814
6818
4371
6830
4372
6831
6816
6817
6819
6820
6810
6829
4419
4420
6842
4423
4425
4429
6855
4431
4434
4438
4435
6861
4445
6862
6865
4439
6863
4447
6864
6866
4451
6867
4453
6868
6854
6858
4454
6870
4455
6871
6856
6857
6859
6860
6850
6869
4502
4503
6882
4506
4508
4512
6895
4514
4517
4521
4518
6901
4528
6902
6905
4522
6903
4530
6904
6906
4534
6907
4536
6908
6894
6898
4537
6910
4538
6911
6896
6897
6899
6900
6890
6909
4585
4586
6922
4589
4591
4595
6935
4597
4600
4604
4601
6941
4611
6942
6945
4605
6943
4613
6944
6946
4617
6947
4619
6948
6934
6938
4620
6950
4621
6951
6936
6937
6939
6940
6930
6949