0
5
6
14
15
35
40
41
45
48
49
57
60
61
67
68
88
91
92
96
97
98
106
109
110
116
117
137
140
141
145
146
147
155
158
159
165
166
186
189
190
194
195
196
204
207
208
214
215
251
256
257
261
264
265
285
286
287
291
292
328
331
332
336
337
338
358
359
360
364
365
401
404
405
409
410
411
431
432
433
437
438
474
477
478
482
483
484
504
507
508
514
515
551
556
557
561
564
565
585
586
587
591
592
628
631
632
636
637
638
658
659
660
664
665
701
704
705
709
710
711
731
732
733
737
738
774
777
778
782
783
784
804
807
808
814
815
851
856
857
861
864
865
895
896
897
901
902
938
941
942
946
947
948
978
979
980
984
985
1021
1024
1025
1029
1030
1031
1061
1062
1063
1067
1068
1104
1107
1108
1112
1113
1114
23
32
76
85
125
134
174
183
223
232
235
237
239
241
243
245
247
249
300
309
312
314
316
318
320
322
324
326
373
382
385
387
389
391
393
395
397
399
446
455
458
460
462
464
466
468
470
472
523
532
535
537
539
541
543
545
547
549
600
609
612
614
616
618
620
622
624
626
673
682
685
687
689
691
693
695
697
699
746
755
758
760
762
764
766
768
770
772
823
832
835
837
839
841
843
845
847
849
885
910
919
922
924
926
928
930
932
934
936
968
993
1002
1005
1007
1009
1011
1013
1015
1017
1019
1051
1076
1085
1088
1090
1092
1094
1096
1098
1100
1102
1134
24
33
77
86
126
135
175
184
224
233
301
310
374
383
447
456
524
533
601
610
674
683
747
756
824
833
911
920
994
1003
1077
1086
19
20
26
28
30
53
55
72
73
79
81
83
102
104
121
122
128
130
132
151
153
170
171
177
179
181
200
202
219
220
226
228
230
269
270
273
274
277
279
281
283
296
297
303
305
307
342
343
346
347
350
352
354
356
369
370
376
378
380
415
416
419
420
423
425
427
429
442
443
449
451
453
488
489
492
493
496
498
500
502
519
520
526
528
530
569
570
573
574
577
579
581
583
596
597
603
605
607
642
643
646
647
650
652
654
656
669
670
676
678
680
715
716
719
720
723
725
727
729
742
743
749
751
753
788
789
792
793
796
798
800
802
819
820
826
828
830
869
870
873
874
877
879
881
883
887
889
906
907
913
915
917
952
953
956
957
960
962
964
966
970
972
989
990
996
998
1000
1035
1036
1039
1040
1043
1045
1047
1049
1053
1055
1072
1073
1079
1081
1083
1118
1119
1122
1123
1126
1128
1130
1132
1136
1138
1
3
7
209
509
809
1145
2
4
8
9
63
112
161
1146
1147
1148
10
12
16
216
516
816
1149
11
13
17
18
21
70
119
168
1150
22
27
1153
29
1157
31
1144
25
1154
34
1159
1151
1152
1156
1161
36
38
1158
42
50
1163
37
39
43
44
54
94
143
192
1164
1162
1165
1166
46
47
51
52
56
100
149
198
1168
1167
1169
1170
58
59
62
64
288
588
898
1174
1175
1176
65
66
69
71
74
293
593
903
1177
75
80
1180
82
1184
84
1173
78
1181
87
1186
1178
1179
1183
1188
89
90
1185
93
95
99
1190
101
103
105
1189
1193
1191
1192
1194
1195
107
108
111
113
361
661
981
1199
1200
1201
114
115
118
120
123
366
666
986
1202
124
129
1205
131
1209
133
1198
127
1206
136
1211
1203
1204
1208
1213
138
139
1210
142
144
148
1215
150
152
154
1214
1218
1216
1217
1219
1220
156
157
160
162
434
734
1064
1224
1225
1226
163
164
167
169
172
439
739
1069
1227
173
178
1230
180
1234
182
1223
176
1231
185
1236
1228
1229
1233
1238
187
188
1235
191
193
197
1240
199
201
203
1239
1243
1241
1242
1244
1245
205
206
210
211
289
290
362
363
435
1249
436
1250
1251
1290
1291
1327
1328
1364
1365
212
213
217
218
221
294
295
298
367
368
371
440
1252
441
444
222
227
1255
229
1259
231
299
304
1294
306
1298
308
372
377
1331
379
1335
381
445
450
1368
452
1372
454
1248
1289
1326
1363
225
1256
302
1295
375
1332
448
1369
234
1261
311
1300
384
1337
457
1374
1253
1254
1292
1293
1329
1330
1366
1367
1258
1263
1297
1302
1334
1339
1371
1376
236
313
386
459
238
1155
242
1257
315
1182
319
1296
388
1207
392
1333
461
1232
465
1370
240
278
1171
280
1172
1265
248
1160
1266
244
1267
246
1262
250
1269
1270
317
351
1196
353
1197
1304
325
1187
1305
321
1306
323
1301
327
1308
1309
390
424
1221
426
1222
1341
398
1212
1342
394
1343
396
1338
400
1345
1346
463
497
1246
499
1247
1378
471
1237
1379
467
1380
469
1375
473
1382
1383
252
254
1260
258
266
1273
253
255
259
260
271
334
407
480
1274
272
1281
282
1282
1285
1272
1275
1276
262
263
267
268
275
340
413
486
1278
276
1283
284
1284
1286
1277
1279
1280
1268
329
330
1299
333
335
339
1312
341
344
348
345
1318
355
1319
1322
349
1320
357
1321
1323
1311
1315
1313
1314
1316
1317
1307
402
403
1336
406
408
412
1349
414
417
421
418
1355
428
1356
1359
422
1357
430
1358
1360
1348
1352
1350
1351
1353
1354
1344
475
476
1373
479
481
485
1386
487
490
494
491
1392
501
1393
1396
495
1394
503
1395
1397
1385
1389
1387
1388
1390
1391
1381
505
506
510
511
589
590
662
663
735
1401
736
1402
1403
1442
1443
1479
1480
1516
1517
512
513
517
518
521
594
595
598
667
668
671
740
1404
741
744
522
527
1407
529
1411
531
599
604
1446
606
1450
608
672
677
1483
679
1487
681
745
750
1520
752
1524
754
1400
1441
1478
1515
525
1408
602
1447
675
1484
748
1521
534
1413
611
1452
684
1489
757
1526
1405
1406
1444
1445
1481
1482
1518
1519
1410
1415
1449
1454
1486
1491
1523
1528
536
613
686
759
538
1264
542
1409
615
1303
619
1448
688
1340
692
1485
761
1377
765
1522
540
578
1287
580
1288
1417
548
1271
1418
544
1419
546
1414
550
1421
1422
617
651
1324
653
1325
1456
625
1310
1457
621
1458
623
1453
627
1460
1461
690
724
1361
726
1362
1493
698
1347
1494
694
1495
696
1490
700
1497
1498
763
797
1398
799
1399
1530
771
1384
1531
767
1532
769
1527
773
1534
1535
552
554
1412
558
566
1425
553
555
559
560
571
634
707
780
1426
572
1433
582
1434
1437
1424
1427
1428
562
563
567
568
575
640
713
786
1430
576
1435
584
1436
1438
1429
1431
1432
1420
629
630
1451
633
635
639
1464
641
644
648
645
1470
655
1471
1474
649
1472
657
1473
1475
1463
1467
1465
1466
1468
1469
1459
702
703
1488
706
708
712
1501
714
717
721
718
1507
728
1508
1511
722
1509
730
1510
1512
1500
1504
1502
1503
1505
1506
1496
775
776
1525
779
781
785
1538
787
790
794
791
1544
801
1545
1548
795
1546
803
1547
1549
1537
1541
1539
1540
1542
1543
1533
805
806
810
811
899
900
982
983
1065
1553
1066
1554
1555
1597
1598
1637
1638
1677
1678
812
813
817
818
821
904
905
908
987
988
991
1070
1556
1071
1074
822
827
1559
829
1563
831
909
914
1601
916
1605
918
992
997
1641
999
1645
1001
1075
1080
1681
1082
1685
1084
1552
1596
1636
1676
825
1560
912
1602
995
1642
1078
1682
834
1565
921
1607
1004
1647
1087
1687
1557
1558
1599
1600
1639
1640
1679
1680
1562
1567
1604
1609
1644
1649
1684
1689
836
838
1416
842
1561
923
925
1455
929
1603
1006
1008
1492
1012
1643
1089
1091
1529
1095
1683
840
878
1439
880
1440
1569
848
1423
1570
844
1571
846
850
1566
1573
1574
927
961
1476
963
1477
1611
935
1462
1612
931
1613
933
937
1608
1615
1616
1010
1044
1513
1046
1514
1651
1018
1499
1652
1014
1653
1016
1020
1648
1655
1656
1093
1127
1550
1129
1551
1691
1101
1536
1692
1097
1693
1099
1103
1688
1695
1696
886
969
1052
1135
893
1575
894
1568
976
1617
977
1610
1059
1657
1060
1650
1142
1697
1143
1690
852
854
1564
858
866
1577
853
855
859
860
871
944
1027
1110
1578
872
1585
882
1586
1589
888
1591
1576
891
1594
1579
1580
862
863
867
868
875
950
1033
1116
1582
876
1587
884
1588
1590
890
1592
1581
892
1595
1583
1584
1572
1593
939
940
1606
943
945
949
1619
951
954
958
955
1625
965
1626
1629
959
1627
967
1628
1630
971
1631
973
1632
1618
1622
974
1634
975
1635
1620
1621
1623
1624
1614
1633
1022
1023
1646
1026
1028
1032
1659
1034
1037
1041
1038
1665
1048
1666
1669
1042
1667
1050
1668
1670
1054
1671
1056
1672
1658
1662
1057
1674
1058
1675
1660
1661
1663
1664
1654
1673
1105
1106
1686
1109
1111
1115
1699
1117
1120
1124
1121
1705
1131
1706
1709
1125
1707
1133
1708
1710
1137
1711
1139
1712
1698
1702
1140
1714
1141
1715
1700
1701
1703
1704
1694
1713