0
5
6
14
15
23
24
32
33
41
42
50
51
59
60
68
69
74
77
78
84
85
91
92
98
99
105
106
112
113
119
120
126
127
132
135
136
142
143
149
150
156
157
163
164
170
171
177
178
184
185
190
193
194
200
201
207
208
214
215
221
222
228
229
235
236
242
243
248
251
252
258
259
265
266
272
273
279
280
286
287
293
294
300
301
306
309
310
316
317
323
324
330
331
337
338
344
345
351
352
358
359
364
367
368
374
375
381
382
388
389
395
396
402
403
409
410
416
417
422
425
426
432
433
439
440
446
447
453
454
460
461
467
468
474
475
480
483
484
490
491
497
498
504
505
511
512
518
519
525
526
532
533
538
539
540
544
545
549
550
554
555
559
560
564
565
569
570
574
575
580
581
582
586
587
591
592
596
597
601
602
606
607
611
612
616
617
622
623
624
628
629
633
634
638
639
643
644
648
649
653
654
658
659
664
665
666
670
671
675
676
680
681
685
686
690
691
695
696
700
701
706
707
708
712
713
717
718
722
723
727
728
732
733
737
738
742
743
748
749
750
754
755
759
760
764
765
769
770
774
775
779
780
784
785
790
791
792
796
797
801
802
806
807
811
812
816
817
821
822
826
827
832
835
836
842
843
849
850
856
857
863
864
870
871
877
878
884
885
890
891
892
896
897
901
902
906
907
911
912
916
917
921
922
926
927
932
933
934
938
939
943
944
948
949
953
954
958
959
963
964
968
969
974
975
976
980
981
985
986
990
991
995
996
1000
1001
1005
1006
1010
1011
1016
1017
1018
1022
1023
1027
1028
1032
1033
1037
1038
1042
1043
1047
1048
1052
1053
1058
1059
1060
1064
1065
1069
1070
1074
1075
1079
1080
1084
1085
1089
1090
1094
1095
1100
1101
1102
1106
1107
1111
1112
1116
1117
1121
1122
1126
1127
1131
1132
1136
1137
1142
1143
1144
1148
1149
1153
1154
1158
1159
1163
1164
1168
1169
1173
1174
1178
1179
1184
1187
1188
1194
1195
1201
1202
1208
1209
1215
1216
1222
1223
1229
1230
1236
1237
1242
1243
1244
1248
1249
1253
1254
1258
1259
1263
1264
1268
1269
1273
1274
1278
1279
1284
1285
1286
1290
1291
1295
1296
1300
1301
1305
1306
1310
1311
1315
1316
1320
1321
1326
1327
1328
1332
1333
1337
1338
1342
1343
1347
1348
1352
1353
1357
1358
1362
1363
1368
1369
1370
1374
1375
1379
1380
1384
1385
1389
1390
1394
1395
1399
1400
1404
1405
1410
1411
1412
1416
1417
1421
1422
1426
1427
1431
1432
1436
1437
1441
1442
1446
1447
1452
1453
1454
1458
1459
1463
1464
1468
1469
1473
1474
1478
1479
1483
1484
1488
1489
1494
1495
1496
1500
1501
1505
1506
1510
1511
1515
1516
1520
1521
1525
1526
1530
1531
1536
1539
1540
1546
1547
1553
1554
1560
1561
1567
1568
1574
1575
1581
1582
1588
1589
1594
1595
1596
1600
1601
1605
1606
1610
1611
1615
1616
1620
1621
1625
1626
1630
1631
1636
1637
1638
1642
1643
1647
1648
1652
1653
1657
1658
1662
1663
1667
1668
1672
1673
1678
1679
1680
1684
1685
1689
1690
1694
1695
1699
1700
1704
1705
1709
1710
1714
1715
1720
1721
1722
1726
1727
1731
1732
1736
1737
1741
1742
1746
1747
1751
1752
1756
1757
1762
1763
1764
1768
1769
1773
1774
1778
1779
1783
1784
1788
1789
1793
1794
1798
1799
1804
1805
1806
1810
1811
1815
1816
1820
1821
1825
1826
1830
1831
1835
1836
1840
1841
1846
1847
1848
1852
1853
1857
1858
1862
1863
1867
1868
1872
1873
1877
1878
1882
1883
1888
1891
1892
1898
1899
1905
1906
1912
1913
1919
1920
1926
1927
1933
1934
1940
1941
1946
1947
1948
1952
1953
1957
1958
1962
1963
1967
1968
1972
1973
1977
1978
1982
1983
1988
1989
1990
1994
1995
1999
2000
2004
2005
2009
2010
2014
2015
2019
2020
2024
2025
2030
2031
2032
2036
2037
2041
2042
2046
2047
2051
2052
2056
2057
2061
2062
2066
2067
2072
2073
2074
2078
2079
2083
2084
2088
2089
2093
2094
2098
2099
2103
2104
2108
2109
2114
2115
2116
2120
2121
2125
2126
2130
2131
2135
2136
2140
2141
2145
2146
2150
2151
2156
2157
2158
2162
2163
2167
2168
2172
2173
2177
2178
2182
2183
2187
2188
2192
2193
2198
2199
2200
2204
2205
2209
2210
2214
2215
2219
2220
2224
2225
2229
2230
2234
2235
2240
2243
2244
2250
2251
2257
2258
2264
2265
2271
2272
2278
2279
2285
2286
2292
2293
2298
2299
2300
2304
2305
2309
2310
2314
2315
2319
2320
2324
2325
2329
2330
2334
2335
2340
2341
2342
2346
2347
2351
2352
2356
2357
2361
2362
2366
2367
2371
2372
2376
2377
2382
2383
2384
2388
2389
2393
2394
2398
2399
2403
2404
2408
2409
2413
2414
2418
2419
2424
2425
2426
2430
2431
2435
2436
2440
2441
2445
2446
2450
2451
2455
2456
2460
2461
2466
2467
2468
2472
2473
2477
2478
2482
2483
2487
2488
2492
2493
2497
2498
2502
2503
2508
2509
2510
2514
2515
2519
2520
2524
2525
2529
2530
2534
2535
2539
2540
2544
2545
2550
2551
2552
2556
2557
2561
2562
2566
2567
2571
2572
2576
2577
2581
2582
2586
2587
2592
2595
2596
2602
2603
2609
2610
2616
2617
2623
2624
2630
2631
2637
2638
2644
2645
2650
2651
2652
2656
2657
2661
2662
2666
2667
2671
2672
2676
2677
2681
2682
2686
2687
2692
2693
2694
2698
2699
2703
2704
2708
2709
2713
2714
2718
2719
2723
2724
2728
2729
2734
2735
2736
2740
2741
2745
2746
2750
2751
2755
2756
2760
2761
2765
2766
2770
2771
2776
2777
2778
2782
2783
2787
2788
2792
2793
2797
2798
2802
2803
2807
2808
2812
2813
2818
2819
2820
2824
2825
2829
2830
2834
2835
2839
2840
2844
2845
2849
2850
2854
2855
2860
2861
2862
2866
2867
2871
2872
2876
2877
2881
2882
2886
2887
2891
2892
2896
2897
2902
2903
2904
2908
2909
2913
2914
2918
2919
2923
2924
2928
2929
2933
2934
2938
2939
1
3
7
79
137
195
253
311
369
427
2945
2
4
8
9
486
838
1190
1542
1894
2246
2598
2946
2947
2948
10
12
16
86
144
202
260
318
376
434
2949
11
13
17
18
493
845
1197
1549
1901
2253
2605
2950
2951
2952
19
21
25
93
151
209
267
325
383
441
2953
20
22
26
27
500
852
1204
1556
1908
2260
2612
2954
2955
2956
28
30
34
100
158
216
274
332
390
448
2957
29
31
35
36
507
859
1211
1563
1915
2267
2619
2958
2959
2960
37
39
43
107
165
223
281
339
397
455
2961
38
40
44
45
514
866
1218
1570
1922
2274
2626
2962
2963
2964
46
48
52
114
172
230
288
346
404
462
2965
47
49
53
54
521
873
1225
1577
1929
2281
2633
2966
2967
2968
55
57
61
121
179
237
295
353
411
469
2969
56
58
62
63
528
880
1232
1584
1936
2288
2640
2970
2971
2972
64
66
70
128
186
244
302
360
418
476
2973
65
67
71
72
535
887
1239
1591
1943
2295
2647
2974
73
2944
2975
2976
75
76
80
81
542
894
1246
1598
1950
2302
2654
2978
2979
2980
82
83
87
88
547
899
1251
1603
1955
2307
2659
2981
2982
2983
89
90
94
95
552
904
1256
1608
1960
2312
2664
2984
2985
2986
96
97
101
102
557
909
1261
1613
1965
2317
2669
2987
2988
2989
103
104
108
109
562
914
1266
1618
1970
2322
2674
2990
2991
2992
110
111
115
116
567
919
1271
1623
1975
2327
2679
2993
2994
2995
117
118
122
123
572
924
1276
1628
1980
2332
2684
2996
2997
2998
124
125
129
130
577
929
1281
1633
1985
2337
2689
2999
131
2977
3000
3001
133
134
138
139
584
936
1288
1640
1992
2344
2696
3003
3004
3005
140
141
145
146
589
941
1293
1645
1997
2349
2701
3006
3007
3008
147
148
152
153
594
946
1298
1650
2002
2354
2706
3009
3010
3011
154
155
159
160
599
951
1303
1655
2007
2359
2711
3012
3013
3014
161
162
166
167
604
956
1308
1660
2012
2364
2716
3015
3016
3017
168
169
173
174
609
961
1313
1665
2017
2369
2721
3018
3019
3020
175
176
180
181
614
966
1318
1670
2022
2374
2726
3021
3022
3023
182
183
187
188
619
971
1323
1675
2027
2379
2731
3024
189
3002
3025
3026
191
192
196
197
626
978
1330
1682
2034
2386
2738
3028
3029
3030
198
199
203
204
631
983
1335
1687
2039
2391
2743
3031
3032
3033
205
206
210
211
636
988
1340
1692
2044
2396
2748
3034
3035
3036
212
213
217
218
641
993
1345
1697
2049
2401
2753
3037
3038
3039
219
220
224
225
646
998
1350
1702
2054
2406
2758
3040
3041
3042
226
227
231
232
651
1003
1355
1707
2059
2411
2763
3043
3044
3045
233
234
238
239
656
1008
1360
1712
2064
2416
2768
3046
3047
3048
240
241
245
246
661
1013
1365
1717
2069
2421
2773
3049
247
3027
3050
3051
249
250
254
255
668
1020
1372
1724
2076
2428
2780
3053
3054
3055
256
257
261
262
673
1025
1377
1729
2081
2433
2785
3056
3057
3058
263
264
268
269
678
1030
1382
1734
2086
2438
2790
3059
3060
3061
270
271
275
276
683
1035
1387
1739
2091
2443
2795
3062
3063
3064
277
278
282
283
688
1040
1392
1744
2096
2448
2800
3065
3066
3067
284
285
289
290
693
1045
1397
1749
2101
2453
2805
3068
3069
3070
291
292
296
297
698
1050
1402
1754
2106
2458
2810
3071
3072
3073
298
299
303
304
703
1055
1407
1759
2111
2463
2815
3074
305
3052
3075
3076
307
308
312
313
710
1062
1414
1766
2118
2470
2822
3078
3079
3080
314
315
319
320
715
1067
1419
1771
2123
2475
2827
3081
3082
3083
321
322
326
327
720
1072
1424
1776
2128
2480
2832
3084
3085
3086
328
329
333
334
725
1077
1429
1781
2133
2485
2837
3087
3088
3089
335
336
340
341
730
1082
1434
1786
2138
2490
2842
3090
3091
3092
342
343
347
348
735
1087
1439
1791
2143
2495
2847
3093
3094
3095
349
350
354
355
740
1092
1444
1796
2148
2500
2852
3096
3097
3098
356
357
361
362
745
1097
1449
1801
2153
2505
2857
3099
363
3077
3100
3101
365
366
370
371
752
1104
1456
1808
2160
2512
2864
3103
3104
3105
372
373
377
378
757
1109
1461
1813
2165
2517
2869
3106
3107
3108
379
380
384
385
762
1114
1466
1818
2170
2522
2874
3109
3110
3111
386
387
391
392
767
1119
1471
1823
2175
2527
2879
3112
3113
3114
393
394
398
399
772
1124
1476
1828
2180
2532
2884
3115
3116
3117
400
401
405
406
777
1129
1481
1833
2185
2537
2889
3118
3119
3120
407
408
412
413
782
1134
1486
1838
2190
2542
2894
3121
3122
3123
414
415
419
420
787
1139
1491
1843
2195
2547
2899
3124
421
3102
3125
3126
423
424
428
429
794
1146
1498
1850
2202
2554
2906
3128
3129
3130
430
431
435
436
799
1151
1503
1855
2207
2559
2911
3131
3132
3133
437
438
442
443
804
1156
1508
1860
2212
2564
2916
3134
3135
3136
444
445
449
450
809
1161
1513
1865
2217
2569
2921
3137
3138
3139
451
452
456
457
814
1166
1518
1870
2222
2574
2926
3140
3141
3142
458
459
463
464
819
1171
1523
1875
2227
2579
2931
3143
3144
3145
465
466
470
471
824
1176
1528
1880
2232
2584
2936
3146
3147
3148
472
473
477
478
829
1181
1533
1885
2237
2589
2941
3149
479
3127
3150
3151
481
482
485
487
541
543
583
585
625
627
667
669
709
711
751
753
793
3153
795
3154
3155
3178
3179
3195
3196
3212
3213
3229
3230
3246
3247
3263
3264
3280
3281
488
489
492
494
546
548
588
590
630
632
672
674
714
716
756
758
798
3156
800
3157
3158
3180
3181
3197
3198
3214
3215
3231
3232
3248
3249
3265
3266
3282
3283
495
496
499
501
551
553
593
595
635
637
677
679
719
721
761
763
803
3159
805
3160
3161
3182
3183
3199
3200
3216
3217
3233
3234
3250
3251
3267
3268
3284
3285
502
503
506
508
556
558
598
600
640
642
682
684
724
726
766
768
808
3162
810
3163
3164
3184
3185
3201
3202
3218
3219
3235
3236
3252
3253
3269
3270
3286
3287
509
510
513
515
561
563
603
605
645
647
687
689
729
731
771
773
813
3165
815
3166
3167
3186
3187
3203
3204
3220
3221
3237
3238
3254
3255
3271
3272
3288
3289
516
517
520
522
566
568
608
610
650
652
692
694
734
736
776
778
818
3168
820
3169
3170
3188
3189
3205
3206
3222
3223
3239
3240
3256
3257
3273
3274
3290
3291
523
524
527
529
571
573
613
615
655
657
697
699
739
741
781
783
823
3171
825
3172
3173
3190
3191
3207
3208
3224
3225
3241
3242
3258
3259
3275
3276
3292
3293
530
531
534
536
576
578
618
620
660
662
702
704
744
746
786
788
828
3174
830
537
579
621
663
705
747
789
831
3152
3177
3194
3211
3228
3245
3262
3279
3175
3176
3192
3193
3209
3210
3226
3227
3243
3244
3260
3261
3277
3278
3294
3295
833
834
837
839
893
895
935
937
977
979
1019
1021
1061
1063
1103
1105
1145
3297
1147
3298
3299
3322
3323
3339
3340
3356
3357
3373
3374
3390
3391
3407
3408
3424
3425
840
841
844
846
898
900
940
942
982
984
1024
1026
1066
1068
1108
1110
1150
3300
1152
3301
3302
3324
3325
3341
3342
3358
3359
3375
3376
3392
3393
3409
3410
3426
3427
847
848
851
853
903
905
945
947
987
989
1029
1031
1071
1073
1113
1115
1155
3303
1157
3304
3305
3326
3327
3343
3344
3360
3361
3377
3378
3394
3395
3411
3412
3428
3429
854
855
858
860
908
910
950
952
992
994
1034
1036
1076
1078
1118
1120
1160
3306
1162
3307
3308
3328
3329
3345
3346
3362
3363
3379
3380
3396
3397
3413
3414
3430
3431
861
862
865
867
913
915
955
957
997
999
1039
1041
1081
1083
1123
1125
1165
3309
1167
3310
3311
3330
3331
3347
3348
3364
3365
3381
3382
3398
3399
3415
3416
3432
3433
868
869
872
874
918
920
960
962
1002
1004
1044
1046
1086
1088
1128
1130
1170
3312
1172
3313
3314
3332
3333
3349
3350
3366
3367
3383
3384
3400
3401
3417
3418
3434
3435
875
876
879
881
923
925
965
967
1007
1009
1049
1051
1091
1093
1133
1135
1175
3315
1177
3316
3317
3334
3335
3351
3352
3368
3369
3385
3386
3402
3403
3419
3420
3436
3437
882
883
886
888
928
930
970
972
1012
1014
1054
1056
1096
1098
1138
1140
1180
3318
1182
889
931
973
1015
1057
1099
1141
1183
3296
3321
3338
3355
3372
3389
3406
3423
3319
3320
3336
3337
3353
3354
3370
3371
3387
3388
3404
3405
3421
3422
3438
3439
1185
1186
1189
1191
1245
1247
1287
1289
1329
1331
1371
1373
1413
1415
1455
1457
1497
3441
1499
3442
3443
3466
3467
3483
3484
3500
3501
3517
3518
3534
3535
3551
3552
3568
3569
1192
1193
1196
1198
1250
1252
1292
1294
1334
1336
1376
1378
1418
1420
1460
1462
1502
3444
1504
3445
3446
3468
3469
3485
3486
3502
3503
3519
3520
3536
3537
3553
3554
3570
3571
1199
1200
1203
1205
1255
1257
1297
1299
1339
1341
1381
1383
1423
1425
1465
1467
1507
3447
1509
3448
3449
3470
3471
3487
3488
3504
3505
3521
3522
3538
3539
3555
3556
3572
3573
1206
1207
1210
1212
1260
1262
1302
1304
1344
1346
1386
1388
1428
1430
1470
1472
1512
3450
1514
3451
3452
3472
3473
3489
3490
3506
3507
3523
3524
3540
3541
3557
3558
3574
3575
1213
1214
1217
1219
1265
1267
1307
1309
1349
1351
1391
1393
1433
1435
1475
1477
1517
3453
1519
3454
3455
3474
3475
3491
3492
3508
3509
3525
3526
3542
3543
3559
3560
3576
3577
1220
1221
1224
1226
1270
1272
1312
1314
1354
1356
1396
1398
1438
1440
1480
1482
1522
3456
1524
3457
3458
3476
3477
3493
3494
3510
3511
3527
3528
3544
3545
3561
3562
3578
3579
1227
1228
1231
1233
1275
1277
1317
1319
1359
1361
1401
1403
1443
1445
1485
1487
1527
3459
1529
3460
3461
3478
3479
3495
3496
3512
3513
3529
3530
3546
3547
3563
3564
3580
3581
1234
1235
1238
1240
1280
1282
1322
1324
1364
1366
1406
1408
1448
1450
1490
1492
1532
3462
1534
1241
1283
1325
1367
1409
1451
1493
1535
3440
3465
3482
3499
3516
3533
3550
3567
3463
3464
3480
3481
3497
3498
3514
3515
3531
3532
3548
3549
3565
3566
3582
3583
1537
1538
1541
1543
1597
1599
1639
1641
1681
1683
1723
1725
1765
1767
1807
1809
1849
3585
1851
3586
3587
3610
3611
3627
3628
3644
3645
3661
3662
3678
3679
3695
3696
3712
3713
1544
1545
1548
1550
1602
1604
1644
1646
1686
1688
1728
1730
1770
1772
1812
1814
1854
3588
1856
3589
3590
3612
3613
3629
3630
3646
3647
3663
3664
3680
3681
3697
3698
3714
3715
1551
1552
1555
1557
1607
1609
1649
1651
1691
1693
1733
1735
1775
1777
1817
1819
1859
3591
1861
3592
3593
3614
3615
3631
3632
3648
3649
3665
3666
3682
3683
3699
3700
3716
3717
1558
1559
1562
1564
1612
1614
1654
1656
1696
1698
1738
1740
1780
1782
1822
1824
1864
3594
1866
3595
3596
3616
3617
3633
3634
3650
3651
3667
3668
3684
3685
3701
3702
3718
3719
1565
1566
1569
1571
1617
1619
1659
1661
1701
1703
1743
1745
1785
1787
1827
1829
1869
3597
1871
3598
3599
3618
3619
3635
3636
3652
3653
3669
3670
3686
3687
3703
3704
3720
3721
1572
1573
1576
1578
1622
1624
1664
1666
1706
1708
1748
1750
1790
1792
1832
1834
1874
3600
1876
3601
3602
3620
3621
3637
3638
3654
3655
3671
3672
3688
3689
3705
3706
3722
3723
1579
1580
1583
1585
1627
1629
1669
1671
1711
1713
1753
1755
1795
1797
1837
1839
1879
3603
1881
3604
3605
3622
3623
3639
3640
3656
3657
3673
3674
3690
3691
3707
3708
3724
3725
1586
1587
1590
1592
1632
1634
1674
1676
1716
1718
1758
1760
1800
1802
1842
1844
1884
3606
1886
1593
1635
1677
1719
1761
1803
1845
1887
3584
3609
3626
3643
3660
3677
3694
3711
3607
3608
3624
3625
3641
3642
3658
3659
3675
3676
3692
3693
3709
3710
3726
3727
1889
1890
1893
1895
1949
1951
1991
1993
2033
2035
2075
2077
2117
2119
2159
2161
2201
3729
2203
3730
3731
3754
3755
3771
3772
3788
3789
3805
3806
3822
3823
3839
3840
3856
3857
1896
1897
1900
1902
1954
1956
1996
1998
2038
2040
2080
2082
2122
2124
2164
2166
2206
3732
2208
3733
3734
3756
3757
3773
3774
3790
3791
3807
3808
3824
3825
3841
3842
3858
3859
1903
1904
1907
1909
1959
1961
2001
2003
2043
2045
2085
2087
2127
2129
2169
2171
2211
3735
2213
3736
3737
3758
3759
3775
3776
3792
3793
3809
3810
3826
3827
3843
3844
3860
3861
1910
1911
1914
1916
1964
1966
2006
2008
2048
2050
2090
2092
2132
2134
2174
2176
2216
3738
2218
3739
3740
3760
3761
3777
3778
3794
3795
3811
3812
3828
3829
3845
3846
3862
3863
1917
1918
1921
1923
1969
1971
2011
2013
2053
2055
2095
2097
2137
2139
2179
2181
2221
3741
2223
3742
3743
3762
3763
3779
3780
3796
3797
3813
3814
3830
3831
3847
3848
3864
3865
1924
1925
1928
1930
1974
1976
2016
2018
2058
2060
2100
2102
2142
2144
2184
2186
2226
3744
2228
3745
3746
3764
3765
3781
3782
3798
3799
3815
3816
3832
3833
3849
3850
3866
3867
1931
1932
1935
1937
1979
1981
2021
2023
2063
2065
2105
2107
2147
2149
2189
2191
2231
3747
2233
3748
3749
3766
3767
3783
3784
3800
3801
3817
3818
3834
3835
3851
3852
3868
3869
1938
1939
1942
1944
1984
1986
2026
2028
2068
2070
2110
2112
2152
2154
2194
2196
2236
3750
2238
1945
1987
2029
2071
2113
2155
2197
2239
3728
3753
3770
3787
3804
3821
3838
3855
3751
3752
3768
3769
3785
3786
3802
3803
3819
3820
3836
3837
3853
3854
3870
3871
2241
2242
2245
2247
2301
2303
2343
2345
2385
2387
2427
2429
2469
2471
2511
2513
2553
3873
2555
3874
3875
3898
3899
3915
3916
3932
3933
3949
3950
3966
3967
3983
3984
4000
4001
2248
2249
2252
2254
2306
2308
2348
2350
2390
2392
2432
2434
2474
2476
2516
2518
2558
3876
2560
3877
3878
3900
3901
3917
3918
3934
3935
3951
3952
3968
3969
3985
3986
4002
4003
2255
2256
2259
2261
2311
2313
2353
2355
2395
2397
2437
2439
2479
2481
2521
2523
2563
3879
2565
3880
3881
3902
3903
3919
3920
3936
3937
3953
3954
3970
3971
3987
3988
4004
4005
2262
2263
2266
2268
2316
2318
2358
2360
2400
2402
2442
2444
2484
2486
2526
2528
2568
3882
2570
3883
3884
3904
3905
3921
3922
3938
3939
3955
3956
3972
3973
3989
3990
4006
4007
2269
2270
2273
2275
2321
2323
2363
2365
2405
2407
2447
2449
2489
2491
2531
2533
2573
3885
2575
3886
3887
3906
3907
3923
3924
3940
3941
3957
3958
3974
3975
3991
3992
4008
4009
2276
2277
2280
2282
2326
2328
2368
2370
2410
2412
2452
2454
2494
2496
2536
2538
2578
3888
2580
3889
3890
3908
3909
3925
3926
3942
3943
3959
3960
3976
3977
3993
3994
4010
4011
2283
2284
2287
2289
2331
2333
2373
2375
2415
2417
2457
2459
2499
2501
2541
2543
2583
3891
2585
3892
3893
3910
3911
3927
3928
3944
3945
3961
3962
3978
3979
3995
3996
4012
4013
2290
2291
2294
2296
2336
2338
2378
2380
2420
2422
2462
2464
2504
2506
2546
2548
2588
3894
2590
2297
2339
2381
2423
2465
2507
2549
2591
3872
3897
3914
3931
3948
3965
3982
3999
3895
3896
3912
3913
3929
3930
3946
3947
3963
3964
3980
3981
3997
3998
4014
4015
2593
2594
2597
2599
2653
2655
2695
2697
2737
2739
2779
2781
2821
2823
2863
2865
2905
4017
2907
4018
4019
4042
4043
4059
4060
4076
4077
4093
4094
4110
4111
4127
4128
4144
4145
2600
2601
2604
2606
2658
2660
2700
2702
2742
2744
2784
2786
2826
2828
2868
2870
2910
4020
2912
4021
4022
4044
4045
4061
4062
4078
4079
4095
4096
4112
4113
4129
4130
4146
4147
2607
2608
2611
2613
2663
2665
2705
2707
2747
2749
2789
2791
2831
2833
2873
2875
2915
4023
2917
4024
4025
4046
4047
4063
4064
4080
4081
4097
4098
4114
4115
4131
4132
4148
4149
2614
2615
2618
2620
2668
2670
2710
2712
2752
2754
2794
2796
2836
2838
2878
2880
2920
4026
2922
4027
4028
4048
4049
4065
4066
4082
4083
4099
4100
4116
4117
4133
4134
4150
4151
2621
2622
2625
2627
2673
2675
2715
2717
2757
2759
2799
2801
2841
2843
2883
2885
2925
4029
2927
4030
4031
4050
4051
4067
4068
4084
4085
4101
4102
4118
4119
4135
4136
4152
4153
2628
2629
2632
2634
2678
2680
2720
2722
2762
2764
2804
2806
2846
2848
2888
2890
2930
4032
2932
4033
4034
4052
4053
4069
4070
4086
4087
4103
4104
4120
4121
4137
4138
4154
4155
2635
2636
2639
2641
2683
2685
2725
2727
2767
2769
2809
2811
2851
2853
2893
2895
2935
4035
2937
4036
4037
4054
4055
4071
4072
4088
4089
4105
4106
4122
4123
4139
4140
4156
4157
2642
2643
2646
2648
2688
2690
2730
2732
2772
2774
2814
2816
2856
2858
2898
2900
2940
4038
2942
2649
2691
2733
2775
2817
2859
2901
2943
4016
4041
4058
4075
4092
4109
4126
4143
4039
4040
4056
4057
4073
4074
4090
4091
4107
4108
4124
4125
4141
4142
4158
4159